0 0 4 2 0 0 0 5
0 0 0 0 6 0
1 0 1 0 8 0
2 0 0 0 11 0
3 0 1 0 14 0
4 0 0 0 17 0
1 0 4 2 0 0 0 5
0 0 0 0 6 30
1 0 1 0 9 0 
2 0 0 0 12 0
3 0 1 0 15 0
4 0 0 0 18 0 
2 0 4 2 0 0 0 5
0 0 0 0 7 0
1 0 1 0 10 0
2 0 0 0 13 0
3 0 1 0 16 0
4 0 0 0 19 0
3 17 18 23 0 0 1 5
0 0 1 0 6 0
1 0 0 0 8 0
2 0 1 0 11 0
3 0 0 0 14 0
4 0 1 0 17 0
4 17 18 23 0 0 1 5
0 0 1 0 6 30
1 0 0 0 9 0 
2 0 1 0 12 0
3 0 0 0 15 0
4 0 1 0 18 0
5 17 18 23 0 0 1 5
0 0 1 0 7 0
1 0 0 0 10 0
2 0 1 0 13 0
3 0 0 0 16 0
4 0 1 0 19 0 
6 2 3 13 0 1 0 5
0 0 0 0 6 0
1 0 1 0 8 0
2 0 0 0 11 0
3 0 1 0 14 0
4 0 0 0 17 0
7 2 3 13 0 1 0 5
0 0 0 0 6 30
1 0 1 0 9 0 
2 0 0 0 12 0
3 0 1 0 15 0
4 0 0 0 18 0
8 2 3 13 0 1 0 5
0 0 0 0 7 0
1 0 1 0 10 0
2 0 0 0 13 0
3 0 1 0 16 0
4 0 0 0 19 0
9 17 18 23 0 0 1 5
0 0 1 0 6 0
1 0 0 0 8 0
2 0 1 0 11 0
3 0 0 0 14 0
4 0 1 0 17 0
10 17 18 23 0 0 1 5
0 0 1 0 6 30
1 0 0 0 9 0 
2 0 1 0 12 0
3 0 0 0 15 0
4 0 1 0 18 0
11 17 18 23 0 0 1 5
0 0 1 0 7 0
1 0 0 0 10 0
2 0 1 0 13 0
3 0 0 0 16 0
4 0 1 0 19 0
12 3 20 15 0 0 0 5
0 0 0 0 6 0
1 0 1 0 8 0
2 0 0 0 11 0
3 0 1 0 14 0
4 0 0 0 17 0
13 3 20 15 0 0 0 5
0 0 0 0 6 30
1 0 1 0 9 0 
2 0 0 0 12 0
3 0 1 0 15 0
4 0 0 0 18 0
14 3 20 15 0 0 0 5
0 0 0 0 7 0
1 0 1 0 10 0
2 0 0 0 13 0
3 0 1 0 16 0
4 0 0 0 19 0
15 9 10 33 0 0 1 5
0 0 1 0 6 0
1 0 0 0 8 0
2 0 1 0 11 0
3 0 0 0 14 0
4 0 1 0 17 0
16 9 10 33 0 0 1 5
0 0 1 0 6 30
1 0 0 0 9 0 
2 0 1 0 12 0
3 0 0 0 15 0
4 0 1 0 18 0
17 9 10 33 0 0 1 5
0 0 1 0 7 0
1 0 0 0 10 0
2 0 1 0 13 0
3 0 0 0 16 0
4 0 1 0 19 0