0 6 12 0 0 12 11
5 2 12
6 2 12
7 2 12
8 2 12
9 2 12
10 2 12
11 2 12
12 2 12
13 2 12
14 2 12
15 2 12
6 11 10 0 0 10 9
17 2 12
18 2 12
19 2 12
20 2 12
21 2 12
22 2 10
22 3 3
22 4 3
22 5 3
11 1 12 0 0 12 11
21 6 12
20 6 12
19 6 12
18 6 12
17 6 12
16 6 6
16 7 3
16 8 3
16 9 3
16 10 3
16 11 3
1 19 11 0 0 11 10
15 12 12
14 12 12
13 12 12
12 12 15
11 12 12
10 12 6
10 13 15
10 14 3
10 15 3
10 16 3
19 10 11 0 0 11 10
11 17 12
12 17 10
12 18 3
12 19 3
12 20 3
12 21 3
12 22 3
12 23 3
12 24 3
12 25 3
10 5 9 0 0 9 8
13 26 12 
14 26 12
15 26 12
16 26 12
17 26 10
17 27 3
17 28 3
17 29 15
5 4 15 0 0 15 14
16 30 12
15 30 12
14 30 12
13 30 12
12 30 12
11 30 12
10 30 12
9 30 12
8 30 12
7 30 12
6 30 12
5 30 12
4 30 12
3 30 5
4 17 21 0 0 21 20
4 29 12
5 29 12 
6 29 12
7 29 12
8 29 12
9 29 12
10 29 12
11 29 12
12 29 12
13 29 12
14 29 12
15 29 12
16 29 12
17 29 15
18 29 11
18 28 3
18 27 3
18 26 3
18 25 3 
18 24 3
2 18 12 0 0 12 11
4 13 12
5 13 12
6 13 12
7 13 12
8 13 12
9 13 12
10 13 12
11 13 12
12 13 9
12 12 15
12 11 3
18 3 13 0 0 13 12
13 10 12
14 10 12
15 10 12
16 10 15
17 10 12
18 10 12
19 10 12
20 10 10
20 11 3
20 12 3
20 13 3
20 14 3
3 12 13 0 0 13 12
21 15 12
22 15 12
23 15 12
24 15 12
25 15 12
26 15 12
27 15 12
28 15 12
29 15 9
29 14 3 
29 13 3
29 12 3
12 7 12 0 0 12 11
30 11 12
31 11 10
31 12 3
31 13 3
31 14 3
31 15 3
31 16 3 
31 17 3
31 18 3
31 19 3
31 20 3
7 16 13 0 0 13 12
30 21 12
29 21 12
28 21  6
28 22 3
28 23 3
28 24 3
28 25 3
28 26 3
28 27 3
28 28 3
28 29 3
28 30 3
16 17 18 0 0 18 17
27 31 12
26 31 12
25 31 12
24 31 12
23 31 14
22 31 12
21 31 12
20 31 12
19 31 12
18 31 5
18 30 3
18 29 11
18 28 3
18 27 3
18 26 3
18 25 3 
18 24 3
3 12 13 0 0 13 12
21 15 12
22 15 12
23 15 12
24 15 12
25 15 12
26 15 12
27 15 12
28 15 12
29 15 9
29 14 3 
29 13 3
29 12 3
12 7 12 0 0 12 11
30 11 12
31 11 10
31 12 3
31 13 3
31 14 3
31 15 3
31 16 3 
31 17 3
31 18 3
31 19 3
31 20 3
7 16 13 0 0 13 12
30 21 12
29 21 12
28 21  6
28 22 3
28 23 3
28 24 3
28 25 3
28 26 3
28 27 3
28 28 3
28 29 3
28 30 3
16 15 11 0 0 11 10
27 31 12
26 31 12
25 31 12
24 31 12
23 31 14
23 32 3
23 33 3
23 34 3
23 35 3
23 36 3
15 14 11 0 0 11 10
22 37 12
21 37 12
20 37 12
19 37 12
18 37 12
17 37 12
16 37 12
15 37 12
14 37 6
14 38 3
14 8 11 0 0 11 10
13 39 12
12 39 12
11 39 12
10 39 12
9 39 12
8 39 12
7 39 12
6 39 5
6 38 3
6 37 3
8 4 10 0 0 10 9
5 36 12
4 36 12
3 36 5
3 35 3
3 34 3
3 33 3
3 32 3
3 31 3
3 30 7
4 9 11 0 0 11 10
4 29 12
5 29 12
6 29 12
7 29 12
8 29 12
9 29 12
10 29 14
10 30 15
10 31 3
10 32 3

